Hessian Matrix:
   1.18119          0          0   -1.18119          0          0
         0 -0.0699097          0          0  0.0699097          0
         0          0 -0.0699097          0          0  0.0699097
  -1.18119          0          0    1.18119          0          0
         0  0.0699097          0          0 -0.0699097          0
         0          0  0.0699097          0          0 -0.0699097

Mass-Weighted Hessian Matrix:
   1.17182          0          0   -1.17182          0          0
         0 -0.0693549          0          0  0.0693549          0
         0          0 -0.0693549          0          0  0.0693549
  -1.17182          0          0    1.17182          0          0
         0  0.0693549          0          0 -0.0693549          0
         0          0  0.0693549          0          0 -0.0693549

Eigenvalues (Vibrational Frequencies Squared):
   -0.13871
   -0.13871
2.53841e-09
2.53841e-09
2.53841e-09
    2.34363

Vibrational Frequencies (cm^-1):
       0
       0
0.258991
0.258991
0.258991
 7869.53

Eigenvectors (Normal Modes):
        0         0         0         0  0.707107  0.707107
-0.707107         0 -0.707107         0         0         0
        0  0.707107         0  0.707107         0         0
        0         0         0         0  0.707107 -0.707107
 0.707107         0 -0.707107         0         0         0
        0 -0.707107         0  0.707107         0         0

IR Activity (1 = Active, 0 = Inactive):
0
0
1
1
1
0
