Mass-Weighted Hessian Matrix:
 726.499        0        0        0        0        0        0        0        0
       0 -5707.46        0        0        0        0        0        0        0
       0        0 -3168.37        0        0        0        0        0        0
       0        0        0  2908.32        0        0        0        0        0
       0        0        0        0 -22876.4        0        0        0        0
       0        0        0        0        0 -12671.2        0        0        0
       0        0        0        0        0        0  2908.32        0        0
       0        0        0        0        0        0        0 -22876.4        0
       0        0        0        0        0        0        0        0 -12671.2

Eigenvalues (vibrational frequencies squared):
-22876.4
-22876.4
-12671.2
-12671.2
-5707.46
-3168.37
 726.499
 2908.32
 2908.32

Eigenvectors (normal modes):
0 0 0 0 0 0 1 0 0
0 0 0 0 1 0 0 0 0
0 0 0 0 0 1 0 0 0
0 0 0 0 0 0 0 0 1
0 1 0 0 0 0 0 0 0
0 0 1 0 0 0 0 0 0
0 0 0 0 0 0 0 1 0
1 0 0 0 0 0 0 0 0
0 0 0 1 0 0 0 0 0
