Hessian Matrix:
 53346.2        0        0 -53346.2        0        0
       0  -4082.6        0        0   4082.6        0
       0        0  -4082.6        0        0   4082.6
-53346.2        0        0  53346.2        0        0
       0   4082.6        0        0  -4082.6        0
       0        0   4082.6        0        0  -4082.6

Mass-Weighted Hessian Matrix:
 52922.8        0        0 -13283.9        0        0
       0  -4050.2        0        0  1016.62        0
       0        0  -4050.2        0        0  1016.62
-13283.9        0        0  3334.35        0        0
       0  1016.62        0        0 -255.178        0
       0        0  1016.62        0        0 -255.178

Eigenvalues (Vibrational Frequencies Squared):
    -4305.38
    -4305.38
-6.68527e-09
-6.68505e-09
 3.34237e-09
     56257.2

Vibrational Frequencies (cm^-1):
          0
          0
          0
          0
    12.6885
5.20563e+07

Eigenvectors (Normal Modes):
       -0        -0         0         0  0.243454  0.969913
       -0  0.969913 -0.243454         0         0         0
-0.969913        -0         0  0.243454         0         0
       -0        -0         0         0  0.969913 -0.243454
       -0 -0.243454 -0.969913         0         0         0
 0.243454        -0         0  0.969913         0         0
