Hessian Matrix:
    2348.96           0 2.84217e-06     228.018 2.84217e-06           0    -1288.49     873.545     1349.35    -1288.49    -873.545    -1349.35
          0     2359.65     3126.23           0    -1804.67    -1569.92     873.545     -277.49    -778.151    -873.545     -277.49    -778.151
2.84217e-06     3126.23     2935.94           0    -1569.92    -984.497     1349.35    -778.151    -975.724    -1349.35    -778.151    -975.724
    228.018           0           0    -227.944           0           0  -0.0373888   0.0291877   0.0300588  -0.0373888  -0.0291877  -0.0300588
2.84217e-06    -1804.67    -1569.92           0     1804.81     1570.03   0.0291863  -0.0710173  -0.0520046  -0.0291877  -0.0710173  -0.0520032
          0    -1569.92    -984.497           0     1570.03     984.646   0.0300588  -0.0520032  -0.0740698  -0.0300588  -0.0520032  -0.0740698
   -1288.49     873.545     1349.35  -0.0373888   0.0291863   0.0300588     1320.24    -873.574    -1349.38    -31.7155           0 1.42109e-06
    873.545     -277.49    -778.151   0.0291877  -0.0710173  -0.0520032    -873.574     275.445     778.203           0     2.11602           0
    1349.35    -778.151    -975.724   0.0300588  -0.0520046  -0.0740698    -1349.38     778.203     973.682           0           0     2.11602
   -1288.49    -873.545    -1349.35  -0.0373888  -0.0291877  -0.0300588    -31.7155           0           0     1320.24     873.574     1349.38
   -873.545     -277.49    -778.151  -0.0291877  -0.0710173  -0.0520032           0     2.11602           0     873.574     275.445     778.203
   -1349.35    -778.151    -975.724  -0.0300588  -0.0520032  -0.0740698 1.42109e-06           0     2.11602     1349.38     778.203     973.682

Mass-Weighted Hessian Matrix:
    167.699           0 2.02911e-07      60.683 7.56393e-07           0    -342.909     232.478     359.105    -342.909    -232.478    -359.105
          0     168.462      223.19           0    -480.279    -417.807     232.478     -73.849    -207.091    -232.478     -73.849    -207.091
2.02911e-07      223.19     209.606           0    -417.807    -262.006     359.105    -207.091    -259.671    -359.105    -207.091    -259.671
     60.683           0           0    -226.135           0           0   -0.037092    0.028956   0.0298202   -0.037092   -0.028956  -0.0298202
7.56393e-07    -480.279    -417.807           0     1790.48     1557.57   0.0289546  -0.0704537  -0.0515919   -0.028956  -0.0704537  -0.0515905
          0    -417.807    -262.006           0     1557.57     976.831   0.0298202  -0.0515905   -0.073482  -0.0298202  -0.0515905   -0.073482
   -342.909     232.478     359.105   -0.037092   0.0289546   0.0298202     1309.77    -866.641    -1338.67    -31.4638           0 1.40981e-06
    232.478     -73.849    -207.091    0.028956  -0.0704537  -0.0515905    -866.641     273.259     772.027           0     2.09922           0
    359.105    -207.091    -259.671   0.0298202  -0.0515919   -0.073482    -1338.67     772.027     965.954           0           0     2.09922
   -342.909    -232.478    -359.105   -0.037092   -0.028956  -0.0298202    -31.4638           0           0     1309.77     866.641     1338.67
   -232.478     -73.849    -207.091   -0.028956  -0.0704537  -0.0515905           0     2.09922           0     866.641     273.259     772.027
   -359.105    -207.091    -259.671  -0.0298202  -0.0515905   -0.073482 1.40981e-06           0     2.09922     1338.67     772.027     965.954

Eigenvalues (Vibrational Frequencies Squared):
    -272.344
    -257.825
     -228.65
    -227.152
    -226.273
    -202.498
-7.59232e-07
 2.24923e-13
 9.17035e-08
     3009.35
     3167.63
     3422.67

Vibrational Frequencies (cm^-1):
         0
         0
         0
         0
         0
         0
         0
0.00243793
   1.55667
    281995
    289315
    300737

Eigenvectors (Normal Modes):
 -1.1807e-08     0.339462 -0.000165113 -5.01397e-09   0.00162127 -3.58347e-09    -0.856626   6.6694e-07     0.297712   5.0502e-10    -0.249642 -6.57662e-11
   -0.314051  -1.1122e-08   -2.301e-08   -0.0662055 -2.64866e-08     0.126312     0.282435    -0.286781     0.812668    0.0490182  2.72751e-10     0.237044
    0.272993  8.85244e-09 -2.80496e-08   -0.0677202 -3.27516e-08     0.170458     0.094145     0.860348     0.270887   -0.0404462 -1.18592e-10     0.260299
 1.54982e-08    -0.649797 -0.000573139  3.03829e-07     -0.72011 -9.20464e-09      -0.2298  1.78914e-07    0.0798646  9.52617e-12  -0.00448602 -1.08798e-12
    0.312065  1.99265e-09 -2.08393e-07    -0.504014 -2.06835e-07   -0.0502496    0.0757662   -0.0769321     0.218007    -0.568231 -1.47011e-09    -0.513797
   -0.436885  -4.3989e-09  2.55189e-07     0.614327  2.51446e-07     0.148944    0.0252554     0.230798    0.0726685    -0.440352  -1.0831e-09    -0.395542
  -0.0258288    -0.307811  0.000594335    0.0783129     0.357033    -0.516824      -0.2298  1.80059e-07    0.0798646    -0.339223      0.46754     0.333198
    0.429314    -0.200503       0.5939     0.375404     0.182146    -0.210302    0.0757662   -0.0769321     0.218007     0.192753    -0.271853    -0.184916
   -0.290377    -0.310348    -0.383774    -0.180943     0.282966    -0.392181    0.0252554     0.230798    0.0726685     0.295562    -0.419919    -0.287389
   0.0258289    -0.307811   0.00059429   -0.0783132     0.357033     0.516824      -0.2298  1.78824e-07    0.0798646     0.339223      0.46754    -0.333198
    0.429314     0.200503      -0.5939     0.375405    -0.182146    -0.210302    0.0757662   -0.0769321     0.218007     0.192753     0.271853    -0.184916
   -0.290377     0.310348     0.383774    -0.180943    -0.282967    -0.392181    0.0252554     0.230798    0.0726685     0.295562     0.419919    -0.287389

IR Activity (1 = Active, 0 = Inactive):
1
1
1
1
1
1
1
1
1
1
1
1
